LAYERS

Slice 1, 96891 byte(s).
Encrypted: yes
First five bytes: MYqme, which is what the reader demands.
Deserialised 96891 of 96891 byte(s).
String table: 124 entr(ies).
Functions: 15.

Constants: 671 in all.
  116 came out as text, through layers 4 and 5
  550 came out as a number, through layer 4
  5 are still wrapped, and say why below

main function
  instructions 2536, parameters 3, stack 138307, jump key 633355888
       1  419130
       2  942725
       3  836810
       4  1656720098
       5  72882971
       6  607878787
       7  0
       8  1000003
       9  1
      10  738052
      11  31
      12  -715574
      13  -737859
      14  97327
      15  -508854
      16  17
      17  508854
      18  715671
      19  -97254
      20  960786
      21  Instance
      22  new
      23  Folder
      24  4rI3AaoQ85
      25  579
      26  SetAttribute
      27  GetAttributes
      28  GetAttribute
      29  3443101919458758
      30  285
      31  1167
      32  typeof
      33  1054576948921868
      34  964
      35  10
      36  7330
      37  32
      38  155
      39  5870
      40  Destroy
      41  65599
      42  47239
      43  3
      44  487
      45  Enum
      46  PartType
      47  GetEnumItems
      48  type
      49  1815155065086790
      50  1429
      51  4353904192889163
      52  8106
      53  1547
      54  16
      55  163
      56  7919
      57  172951
      58  1783
      59  Vector3
      60  434
      61  452
      62  128
      63  3442829680226041
      64  581
      65  X
      66  2871072268334508
      67  3183
      68  Y
      69  2879876683380144
      70  4956
      71  Z
      72  1203409610978706
      73  174
      74  3282
      75  226
      76  3654
      77  226107
      78  2331
      79  game
      80  FindService
      81  Lighting
      82  GetService
      83  977
      84  2968
      85  ClassName
      86  4201879001220151
      87  6773
      88  4018
      89  94
      90  6987
      91  518368
      92  5344
      93  TweenInfo
      94  0.3125
      95  EasingStyle
      96  Back
      97  EasingDirection
      98  Out
      99  0.5
     100  1334042204734443
     101  7910
     102  Time
     103  1837035770488421
     104  6289
     105  7288
     106  2855
     107  RepeatCount
     108  1845051554133923
     109  1600
     110  Reverses
     111  8065
     112  DelayTime
     113  631380094072186
     114  1446
     115  4057
     116  5
     117  24
     118  2413
     119  522054
     120  5382
     121  BrickColor
     122  Really black
     123  2115026742524974
     124  4073
     125  Name
     126  2392084894841675
     127  6609
     128  Number
     129  2017703278521275
     130  1986
     131  4903
     132  4764
     133  9
     134  152
     135  7994
     136  233285
     137  2405
     138  Workspace
     139  workspace
     140  4518
     141  4759
     142  3260074923048023
     143  905
     144  Changed
     145  3204103258971524
     146  5070
     147  6041
     148  175
     149  2518
     150  314377
     151  3241
     152  Random
     153  427163
     154  Clone
     155  NextInteger
     156  71
     157  241
     158  2276693662337817
     159  4192
     160  1286136070326683
     161  4871
     162  1684
     163  171
     164  329
     165  8
     166  84
     167  6060
     168  362683
     169  3739
     170  NumberSequence
     171  NumberSequenceKeypoint
     172  0.65625
     173  0.8125
     174  Keypoints
     175  262706693189208
     176  5587
     177  1845051621242788
     178  7923
     179  1845051487025058
     180  4943
     181  Value
     182  203674702214373
     183  4689
     184  Envelope
     185  2549858307548908
     186  789
     187  2
     188  1281
     189  3402
     190  2369
     191  21
     192  4753
     193  96321
     194  993
     195  193
     196  -160259
     197  160390
     198  97
     199  737919
     200  -737888
     201  355452
     202  -355379
     203  -761977
     204  1612736
     205  6
     206  3669
     207  1644
     208  1663
     209  3628
     210  162
     211  3440
     212  269951
     213  2783
     214  FromValue
     215  EnumType
     216  3852814519752322
     217  2617
     218  6708
     219  322455486110894
     220  2982
     221  957939909767423
     222  4431
     223  3015
     224  FromName
     225  525
     226  5516
     227  3816
     228  146
     229  4023
     230  609160
     231  6280
     232  UDim
     233  0.6875
     234  38
     235  4485169106164928
     236  5883
     237  Scale
     238  763362632410884
     239  1609
     240  Offset
     241  3806596530562857
     242  7071
     243  6907
     244  246
     245  610
     246  518174
     247  5342
     248  20
     249  Cross
     250  Dot
     251  5373
     252  4818
     253  1166
     254  7545
     255  2312249508214172
     256  4451
     257  7771
     258  56
     259  7267
     260  409437
     261  4221
     262  ReplicatedStorage
     263  Players
     264  IsA
     265  7712
     266  ServiceProvider
     267  1885
     268  RunService
     269  5760
     270  6809
     271  37
     272  77
     273  44
     274  2309
     275  7
     276  4971
     277  84002
     278  866
     279  coroutine
     280  running
     281  2165959146712536
     282  2193
     283  7938
     284  4
     285  26
     286  2780
     287  369958
     288  3814
     289  2545
     290  2012573742349900
     291  2036
     292  7751
     293  byte
     294  math
     295  max
     296  floor
     297  13
     298  172
     299  7867
     300  6960
     301  6874
     302  106
     303  593
     304  1679014374428165
     305  1427
     306  4474
     307  3233
     308  1698
     309  18
     310  1739
     311  2782
     312  133
     313  2307
     314  6762
     315  2475
     316  881856275996166
     317  314
     318  223
     319  1810
     320  7861
     321  25
     322  75
     323  3525
     324  1308
     325  50
     326  649
     327  4161
     328  12
     329  7974
     330  452505
     331  4665
     332  Vector2
     333  403
     334  111
     335  3442829613117176
     336  3489
     337  2857865377330594
     338  3144
     339  1199006866584968
     340  1018
     341  500
     342  208
     343  453
     344  384702
     345  3966
     346  HttpService
     347  pcall
     348  1419511193443644
     349  2176
     350  2637
     351  2811
     352  3806596396345127
     353  2485
     354  sub
     355  4218979524621543
     356  6265
     357  14
     358  313
     359  19
     360  6039
     361  1601
     362  998
     363  7666
     364  714017
     365  7361
     366  45757
     367  142581
     368  -45564
     369  -142508
     370  131
     371  558600
     372  Color3
     373  0.09375
     374  0.625
     375  814496556876102
     376  5860
     377  R
     378  1452095922402143
     379  4355
     380  G
     381  115
     382  B
     383  116946329100847
     384  7188
     385  5736
     386  234
     387  6824
     388  19303
     389  199
     390  Part
     391  AZXyj26AUybzMh
     392  Size
     393  830
     394  1875755228503392
     395  2509
     396  154084391981126
     397  5934
     398  1089
     399  3797792048408356
     400  3291
     401  3797791444428571
     402  4656
     403  3802193719060254
     404  3516
     405  7437
     406  7025
     407  194970
     408  2010
     409  2389
     410  4616
     411  3965
     412  4424972333835058
     413  7537
     414  newproxy
     415  1305
     416  1520
     417  Inner
     418  7673
     419  11
     420  3278
     421  120
     422  7073
     423  610809
     424  6297
     425  8CeGNFoPEPfT
     426  ZeekraguZQ0x
     427  Parent
     428  GetFullName
     429  3621486329413540
     430  1744
     431  158707369878602
     432  1116
     433  3414
     434  213
     435  5232
     436  129301
     437  1333
     438  1883
     439  1999602483037140
     440  5773
     441  2347
     442  7109
     443  4875
     444  2158
     445  7483
     446  2401
     447  55
     448  2418
     449  349685
     450  3605
     451  NumberRange
     452  51
     453  93
     454  736384222583439
     455  3286
     456  Min
     457  3815400610064168
     458  445
     459  Max
     460  3833009842808630
     461  2666
     462  202
     463  3883
     464  144724
     465  1492
     466  Model
     467  GetChildren
     468  FindFirstChild
     469  FindFirstChildOfClass
     470  FindFirstChildWhichIsA
     471  rawequal
     472  2689
     473  281
     474  5123
     475  5706
     476  2872
     477  518
     478  15
     479  36
     480  3322
     481  8152
     482  723232
     483  7456
     484  0.15625
     485  0.5625
     486  Lerp
     487  1473
     488  635318572577616
     489  7067
     490  1291386168682184
     491  8143
     492  6426
     493  159
     494  565607
     495  5831
     496  Rect
     497  70
     498  89
     499  154
     500  709651290168717
     501  577
     502  5617
     503  6714
     504  3802193786169119
     505  5228
     506  3824205092218669
     507  7134
     508  3828607970830137
     509  1200
     510  1216616166438295
     511  7854
     512  3782
     513  142
     514  259
     515  570166
     516  5878
     517  735311
     518  -919695
     519  -735214
     520  73
     521  919712
     522  -72925
     523  321665
     524  -436269
     525  53
     526  273408
     527  819706
     528  -56149
     529  -608906
     530  658552
     531  608906
     532  283812
     533  -869073
     534  85786
     535  -775735
     536  -818044
     537  -462714
     538  869073
     539  818044
     540  534538
     541  1357
     542  453680
     543  -522890
     544  94250
     545  -176765
     546  774861
     547  889151
     548  605472
     549  -238476
     550  275408
     551  -275408
     552  -453680
     553  -840414
     554  -353681
     555  840414
     556  -705562
     557  933131
     558  -127601
     559  32577
     560  269036
     561  485912
     562  844166
     563  648857
     564  264f3c7323315bf631eb7eb6850fba67ac4a908036294a93da967f6b52eabcfb
     565  620691
     566  822855
     567  -195524
     568  960025
     569  359097
     570  493521
     571  946b5a82335e1d56a97a905e6916ec185bc4b1a3c1cdb248b36e8fe02247ae14
     572  554003
     573  666452
     574  -188069
     575  230666
     576  177537
     577  503289
     578  436114
     579  170857
     580  63246
     581  28569
     582  1812386200

nested function 1
  instructions 152, parameters 1, stack 512174, jump key 1987141208
       1  48271
       2  131
       3  7919
       4  1000003
       5  104729
       6  2147483647
       7  193
       8  40503
       9  313
      10  65537
      11  17
      12  131071
      13  31
      14  524287
      15  73
      16  1
      17  8191
      18  97
      19  257
      20  1000033

nested function 2
  instructions 70, parameters 2, stack 749630, jump key 22263355
       1  type
       2  90acbd0a49843186a7e7ed827cba07b0ce31720d48faaba5117c2f3c7dfa035c
       3  3121609a684026364f33af3329bd607f05e545fe643d2548cb87c50b7872496b
       4  -1
       5  1
       6  string
       7  byte
       8  65599
       9  67108864
      10  262147
      11  [a function, opened under 'string']
      12  [a function, 1250 byte(s), checked under salt 'proto:a.2e2']

nested function 3
  instructions 93, parameters 3, stack 987086, jump key 204869149
       1  48271
       2  131
       3  17
       4  257
       5  7919
       6  40503
       7  2147483647
       8  65599
       9  193
      10  31
      11  313
      12  104729
      13  73
      14  31337
      15  97
      16  19
      17  23
      18  65537
      19  1

nested function 4
  instructions 38, parameters 1, stack 224540, jump key 387474943
       1  946b5a82335e1d56a97a905e6916ec185bc4b1a3c1cdb248b36e8fe02247ae14
       2  65599
       3  97
       4  17
       5  31
       6  1
       7  1000003
       8  [a function, opened under '1']

nested function 5
  instructions 71, parameters 2, stack 461996, jump key 570080737
       1  UDim2
       2  new
       3  0
       4  997
       5  X
       6  Offset
       7  Y
       8  Scale
       9  131
      10  1000003
      11  257
      12  1
      13  73
      14  1000033
      15  2

nested function 6
  instructions 13, parameters 3, stack 699452, jump key 752686531
       1  GenerateGUID

nested function 7
  instructions 5, parameters 1, stack 416259, jump key 935292325

nested function 8
  instructions 6, parameters 2, stack 653715, jump key 1117898119
       1  vHmNZ0P7SZR9h
       2  0

nested function 9
  instructions 8, parameters 3, stack 891171, jump key 1300503913
       1  Inner
       2  0

nested function 10
  instructions 7, parameters 1, stack 564081, jump key 177412465
       1  Instance
       2  new
       3  qOyUT0qI5OURkfR1n0h0

nested function 11
  instructions 7, parameters 2, stack 801537, jump key 360018259
       1  Instance
       2  new
       3  part

nested function 12
  instructions 180, parameters 3, stack 38991, jump key 542624053
       1  1000003
       2  1

nested function 2.c11
  instructions 11, parameters 3, stack 466378, jump key 1801634820
       1  2262848
       2  8851859

nested function 4.c8
  instructions 14, parameters 1, stack 604504, jump key 692930895

